Tanggal		t	Indonesia	IndoKum
02/03/2020	1	2	2
03/03/2020	2	0	2
04/03/2020	3	0	2
05/03/2020	4	0	2
06/03/2020	5	2	4
07/03/2020	6	0	4
08/03/2020	7	2	6
09/03/2020	8	13	19
10/03/2020	9	8	27
11/03/2020	10	7	34
12/03/2020	11	0	34
13/03/2020	12	35	69
14/03/2020	13	27	96
15/03/2020	14	21	117
16/03/2020	15	17	134
17/03/2020	16	38	172
18/03/2020	17	55	227
19/03/2020	18	82	309
20/03/2020	19	60	369
21/03/2020	20	81	450
22/03/2020	21	64	514
23/03/2020	22	65	579
24/03/2020	23	107	686
25/03/2020	24	104	790
26/03/2020	25	103	893
27/03/2020	26	153	1046
28/03/2020	27	109	1155
29/03/2020	28	130	1285
30/03/2020	29	129	1414
31/03/2020	30	114	1528
01/04/2020	31	149	1677
02/04/2020	32	113	1790
03/04/2020	33	196	1986
04/04/2020	34	106	2092
05/04/2020	35	181	2273
06/04/2020	36	218	2491
07/04/2020	37	247	2738
08/04/2020	38	218	2956
09/04/2020	39	337	3293
10/04/2020	40	219	3512
11/04/2020	41	330	3842
12/04/2020	42	399	4241
13/04/2020	43	316	4557
14/04/2020	44	282	4839
15/04/2020	45	297	5136
16/04/2020	46	380	5516
17/04/2020	47	407	5923
18/04/2020	48	325	6248
19/04/2020	49	327	6575
20/04/2020	50	185	6760
21/04/2020	51	375	7135
22/04/2020	52	283	7418
23/04/2020	53	357	7775
24/04/2020	54	436	8211
25/04/2020	55	396	8607
26/04/2020	56	275	8882
27/04/2020	57	214	9096
28/04/2020	58	415	9511
29/04/2020	59	260	9771
30/04/2020	60	347	10118
01/05/2020	61	433	10551
02/05/2020	62	292	10843
03/05/2020	63	349	11192
04/05/2020	64	395	11587
05/05/2020	65	484	12071
06/05/2020	66	367	12438
07/05/2020	67	338	12776
08/05/2020	68	336	13112
09/05/2020	69	533	13645
10/05/2020	70	387	14032
11/05/2020	71	233	14265
12/05/2020	72	484	14749
13/05/2020	73	689	15438
14/05/2020	74	568	16006
15/05/2020	75	490	16496
16/05/2020	76	529	17025
17/05/2020	77	489	17514
18/05/2020	78	496	18010
19/05/2020	79	486	18496
20/05/2020	80	693	19189
21/05/2020	81	973	20162
22/05/2020	82	634	20796
23/05/2020	83	949	21745
24/05/2020	84	526	22271
25/05/2020	85	479	22750
26/05/2020	86	415	23165
27/05/2020	87	686	23851
28/05/2020	88	687	24538
29/05/2020	89	678	25216
30/05/2020	90	557	25773
31/05/2020	91	700	26473
01/06/2020	92	467	26940
02/06/2020	93	609	27549
03/06/2020	94	684	28233
04/06/2020	95	585	28818
05/06/2020	96	703	29521
06/06/2020	97	993	30514
07/06/2020	98	672	31186
08/06/2020	99	847	32033
09/06/2020	100	1042	33075
10/06/2020	101	1241	34316
11/06/2020	102	979	35295
12/06/2020	103	1111	36406
13/06/2020	104	1014	37420
14/06/2020	105	857	38277
15/06/2020	106	1017	39294
16/06/2020	107	1106	40400
17/06/2020	108	1031	41431
18/06/2020	109	1331	42762
19/06/2020	110	1041	43803
20/06/2020	111	1226	45029
21/06/2020	112	862	45891
22/06/2020	113	954	46845
23/06/2020	114	1051	47896
24/06/2020	115	1113	49009
25/06/2020	116	1178	50187
26/06/2020	117	1240	51427
27/06/2020	118	1385	52812
28/06/2020	119	1198	54010
29/06/2020	120	1082	55092
30/06/2020	121	1293	56385
01/07/2020	122	1385	57770
02/07/2020	123	1624	59394
03/07/2020	124	1301	60695
04/07/2020	125	1447	62142
05/07/2020	126	1607	63749
06/07/2020	127	1209	64958
07/07/2020	128	1268	66226
08/07/2020	129	1853	68079
09/07/2020	130	2657	70736
10/07/2020	131	1611	72347
11/07/2020	132	1671	74018
12/07/2020	133	1681	75699
13/07/2020	134	1282	76981
14/07/2020	135	1591	78572
15/07/2020	136	1522	80094
16/07/2020	137	1574	81668
17/07/2020	138	1462	83130
18/07/2020	139	1752	84882
19/07/2020	140	1639	86521
20/07/2020	141	1693	88214
21/07/2020	142	1655	89869
22/07/2020	143	1882	91751
23/07/2020	144	1906	93657
24/07/2020	145	1761	95418
25/07/2020	146	1868	97286
26/07/2020	147	1492	98778
27/07/2020	148	1525	100303
28/07/2020	149	1748	102051
29/07/2020	150	2381	104432
30/07/2020	151	1904	106336
31/07/2020	152	2040	108376
01/08/2020	153	1560	109936
02/08/2020	154	1519	111455
03/08/2020	155	1679	113134
04/08/2020	156	1922	115056
05/08/2020	157	1815	116871
06/08/2020	158	1882	118753
07/08/2020	159	2473	121226
08/08/2020	160	2277	123503
09/08/2020	161	1893	125396
10/08/2020	162	1687	127083
11/08/2020	163	1693	128776
12/08/2020	164	1942	130718
13/08/2020	165	2098	132816
14/08/2020	166	2307	135123
15/08/2020	167	2345	137468
16/08/2020	168	2081	139549
17/08/2020	169	1821	141370
18/08/2020	170	1673	143043
19/08/2020	171	1902	144945
20/08/2020	172	2266	147211
21/08/2020	173	2197	149408
22/08/2020	174	2090	151498
23/08/2020	175	2037	153535
24/08/2020	176	1877	155412
25/08/2020	177	2447	157859
26/08/2020	178	2306	160165
27/08/2020	179	2719	162884
28/08/2020	180	3003	165887
29/08/2020	181	3308	169195
30/08/2020	182	2858	172053
31/08/2020	183	2743	174796
01/09/2020	184	2775	177571
02/09/2020	185	3075	180646
03/09/2020	186	3622	184268
04/09/2020	187	3269	187537
05/09/2020	188	3128	190665
06/09/2020	189	3444	194109
07/09/2020	190	2880	196989
08/09/2020	191	3046	200035
09/09/2020	192	3307	203342
10/09/2020	193	3861	207203
11/09/2020	194	3737	210940
12/09/2020	195	3817	214757
13/09/2020	196	3625	218382
14/09/2020	197	3141	221523
15/09/2020	198	3507	225030
16/09/2020	199	3963	228993
17/09/2020	200	3635	232628
18/09/2020	201	3891	236519
19/09/2020	202	4168	240687
20/09/2020	203	3989	244676
21/09/2020	204	4176	248852
22/09/2020	205	4071	252923
23/09/2020	206	4465	257388
24/09/2020	207	4634	262022
25/09/2020	208	4823	266845
26/09/2020	209	4494	271339
27/09/2020	210	3874	275213
28/09/2020	211	3509	278722
29/09/2020	212	4002	282724
30/09/2020	213	4284	287008
01/10/2020	214	4174	291182
02/10/2020	215	4317	295499
03/10/2020	216	4007	299506
04/10/2020	217	3992	303498
05/10/2020	218	3622	307120
06/10/2020	219	4056	311176
07/10/2020	220	4538	315714
08/10/2020	221	4850	320564
09/10/2020	222	4094	324658
10/10/2020	223	4294	328952
11/10/2020	224	4497	333449
12/10/2020	225	3267	336716
13/10/2020	226	3906	340622
14/10/2020	227	4127	344749
15/10/2020	228	4411	349160
16/10/2020	229	4301	353461
17/10/2020	230	4301	357762
18/10/2020	231	4105	361867
19/10/2020	232	3373	365240
20/10/2020	233	3602	368842
21/10/2020	234	4267	373109
22/10/2020	235	4432	377541
23/10/2020	236	4369	381910
24/10/2020	237	4070	385980
25/10/2020	238	3732	389712
26/10/2020	239	3222	392934
27/10/2020	240	3520	396454
28/10/2020	241	4029	400483
29/10/2020	242	3565	404048
30/10/2020	243	2897	406945
31/10/2020	244	3143	410088
01/11/2020	245	2696	412784
02/11/2020	246	2618	415402
03/11/2020	247	2973	418375
04/11/2020	248	3356	421731
05/11/2020	249	4065	425796
06/11/2020	250	3778	429574
07/11/2020	251	4262	433836
08/11/2020	252	3880	437716
09/11/2020	253	2853	440569
10/11/2020	254	3779	444348
11/11/2020	255	3770	448118
12/11/2020	256	4173	452291
13/11/2020	257	5444	457735
14/11/2020	258	5272	463007
15/11/2020	259	4106	467113
16/11/2020	260	3535	470648
17/11/2020	261	3807	474455
18/11/2020	262	4265	478720
19/11/2020	263	4798	483518
20/11/2020	264	4792	488310
21/11/2020	265	4998	493308
22/11/2020	266	4360	497668
23/11/2020	267	4442	502110
24/11/2020	268	4192	506302
25/11/2020	269	5534	511836
26/11/2020	270	4917	516753
27/11/2020	271	5828	522581
28/11/2020	272	5418	527999
29/11/2020	273	6267	534266
30/11/2020	274	4617	538883
01/12/2020	275	5092	543975
02/12/2020	276	5533	549508
03/12/2020	277	8369	557877
04/12/2020	278	5803	563680
05/12/2020	279	6027	569707
06/12/2020	280	6089	575796
07/12/2020	281	5754	581550
08/12/2020	282	5292	586842
09/12/2020	283	6058	592900
10/12/2020	284	6033	598933
11/12/2020	285	6310	605243
12/12/2020	286	6388	611631
13/12/2020	287	6189	617820
14/12/2020	288	5489	623309
15/12/2020	289	6120	629429
16/12/2020	290	6725	636154
17/12/2020	291	7354	643508
18/12/2020	292	6689	650197
19/12/2020	293	7751	657948
20/12/2020	294	6982	664930
21/12/2020	295	6848	671778
22/12/2020	296	6347	678125
23/12/2020	297	7514	685639
24/12/2020	298	7199	692838
25/12/2020	299	7259	700097
26/12/2020	300	6740	706837
27/12/2020	301	6528	713365
28/12/2020	302	5854	719219
29/12/2020	303	7903	727122
30/12/2020	304	8002	735124
31/12/2020	305	8074	743198
01/01/2021	306	8072	751270
02/01/2021	307	7203	758473
03/01/2021	308	6877	765350
04/01/2021	309	6753	772103
05/01/2021	310	7445	779548
06/01/2021	311	8854	788402
07/01/2021	312	9321	797723
08/01/2021	313	10617	808340
09/01/2021	314	10046	818386
10/01/2021	315	9640	828026
11/01/2021	316	8692	836718
12/01/2021	317	10047	846765
13/01/2021	318	11278	858043
14/01/2021	319	11557	869600
15/01/2021	320	12818	882418
16/01/2021	321	14224	896642
17/01/2021	322	11287	907929
18/01/2021	323	9086	917015
19/01/2021	324	10365	927380
20/01/2021	325	12568	939948
21/01/2021	326	11703	951651
22/01/2021	327	13632	965283
23/01/2021	328	12191	977474
24/01/2021	329	11788	989262
25/01/2021	330	9994	999256
26/01/2021	331	13094	1012350
27/01/2021	332	11948	1024298
28/01/2021	333	13695	1037993
29/01/2021	334	13802	1051795
30/01/2021	335	14518	1066313
31/01/2021	336	12001	1078314
01/02/2021	337	10994	1089308
02/02/2021	338	10379	1099687
03/02/2021	339	11984	1111671
04/02/2021	340	11434	1123105
05/02/2021	341	11749	1134854
06/02/2021	342	12156	1147010
07/02/2021	343	10827	1157837
08/02/2021	344	8242	1166079
09/02/2021	345	8700	1174779
10/02/2021	346	8776	1183555
11/02/2021	347	8435	1191990
12/02/2021	348	9869	1201859
13/02/2021	349	8844	1210703
14/02/2021	350	6765	1217468
15/02/2021	351	6462	1223930
16/02/2021	352	10029	1233959
17/02/2021	353	9687	1243646
18/02/2021	354	9039	1252685
19/02/2021	355	10614	1263299
20/02/2021	356	8054	1271353
21/02/2021	357	7300	1278653
22/02/2021	358	10180	1288833
23/02/2021	359	9775	1298608
24/02/2021	360	7533	1306141
25/02/2021	361	8493	1314634
26/02/2021	362	8232	1322866
27/02/2021	363	6208	1329074
28/02/2021	364	5560	1334634
01/03/2021	365	6680	1341314
02/03/2021	366	5712	1347026
03/03/2021	367	6808	1353834
04/03/2021	368	7264	1361098
05/03/2021	369	6971	1368069
06/03/2021	370	5767	1373836
07/03/2021	371	5826	1379662
08/03/2021	372	6894	1386556
09/03/2021	373	6389	1392945
10/03/2021	374	5633	1398578
11/03/2021	375	5144	1403722
12/03/2021	376	6412	1410134
13/03/2021	377	4607	1414741
14/03/2021	378	4714	1419455
15/03/2021	379	5589	1425044
16/03/2021	380	5414	1430458
17/03/2021	381	6825	1437283
18/03/2021	382	6570	1443853
19/03/2021	383	6279	1450132
20/03/2021	384	5656	1455788
21/03/2021	385	4396	1460184
22/03/2021	386	5744	1465928
23/03/2021	387	5297	1471225
24/03/2021	388	5227	1476452
25/03/2021	389	6107	1482559
26/03/2021	390	4982	1487541
27/03/2021	391	4461	1492002
28/03/2021	392	4083	1496085
29/03/2021	393	5008	1501093
30/03/2021	394	4682	1505775
31/03/2021	395	5937	1511712